563,1
567,1
1,1
5,1
9,1
563,2
567,2
2,2
10,2
104,2
553,3
566,3
710,3
724,3
3,3
11,3
12,3
34,3
35,3
38,3
104,3
475,3
4,4
7,4
27,4
28,4
29,4
30,4
37,4
101,4
102,4
103,4
478,4
5,5
9,5
10,5
104,5
6,6
7,6
37,6
98,6
101,6
102,6
103,6
478,6
7,7
37,7
101,7
102,7
103,7
478,7
710,8
724,8
725,8
734,8
8,8
26,8
35,8
104,8
9,9
10,9
104,9
10,10
104,10
566,11
567,11
11,11
12,11
38,11
39,11
98,11
412,11
12,12
553,13
13,13
34,13
104,13
14,14
413,14
15,15
16,15
17,15
18,15
19,15
411,15
476,15
477,15
486,15
16,16
17,17
18,18
19,19
20,20
21,20
22,20
23,20
24,20
25,20
37,20
102,20
103,20
21,21
22,21
23,21
24,21
25,21
22,22
23,23
24,24
25,25
710,26
26,26
35,26
104,26
27,27
28,27
29,27
30,27
101,27
102,27
103,27
28,28
29,29
30,30
31,31
32,31
100,31
725,31
732,31
32,32
100,32
725,32
732,32
33,33
100,33
725,33
732,33
34,34
104,34
553,34
561,34
710,34
35,35
104,35
710,35
36,36
711,36
724,36
734,36
37,37
102,37
103,37
38,38
39,38
98,38
99,38
709,38
724,38
412,38
413,38
478,38
39,39
99,39
413,39
40,40
41,40
42,40
43,40
44,40
45,40
49,40
146,40
41,41
42,41
44,41
486,41
42,42
43,43
146,43
147,43
44,44
731,44
486,44
45,45
49,45
50,45
53,45
46,46
48,46
54,46
506,46
47,47
48,47
54,47
506,47
48,48
54,48
425,48
445,48
447,48
506,48
49,49
50,49
51,49
52,49
53,49
54,49
55,49
50,50
51,50
52,50
125,50
51,51
52,52
125,52
126,52
546,52
129,52
53,53
54,53
55,53
425,53
445,53
447,53
54,54
537,54
425,54
426,54
427,54
445,54
446,54
447,54
449,54
466,54
55,55
56,56
63,56
64,56
65,56
57,57
66,57
67,57
68,57
74,57
183,57
226,57
1063,58
1065,58
1074,58
58,58
70,58
182,58
196,58
59,59
67,59
68,59
69,59
60,60
68,60
74,60
90,60
201,60
61,61
130,61
133,61
173,61
213,61
62,62
129,62
63,63
64,63
65,63
71,63
1095,63
131,63
226,63
64,64
71,64
72,64
131,64
132,64
133,64
136,64
226,64
65,65
1095,65
1096,65
1100,65
1105,65
1113,65
66,66
67,66
68,66
69,66
74,66
75,66
76,66
78,66
80,66
90,66
119,66
183,66
184,66
201,66
226,66
67,67
68,67
69,67
70,67
74,67
90,67
201,67
68,68
74,68
75,68
76,68
78,68
80,68
90,68
91,68
119,68
201,68
218,68
1063,69
1065,69
1074,69
69,69
70,69
182,69
196,69
1063,70
1065,70
1074,70
1075,70
1077,70
1080,70
1081,70
1086,70
70,70
182,70
183,70
196,70
205,70
221,70
71,71
72,71
73,71
121,71
72,72
73,72
121,72
122,72
504,72
73,73
74,74
75,74
76,74
77,74
78,74
79,74
80,74
81,74
119,74
123,74
127,74
918,74
810,74
204,74
447,74
452,74
1130,75
75,75
918,75
919,75
810,75
811,75
204,75
76,76
77,76
78,76
79,76
127,76
1050,76
128,76
452,76
77,77
1050,77
1051,77
1052,77
78,78
79,78
416,78
417,78
452,78
453,78
454,78
79,79
416,79
417,79
433,79
454,79
455,79
462,79
537,80
80,80
81,80
447,80
448,80
449,80
450,80
452,80
453,80
464,80
545,81
81,81
448,81
450,81
451,81
464,81
465,81
82,82
94,82
96,82
264,82
318,82
325,82
83,83
94,83
96,83
264,83
318,83
325,83
84,84
95,84
97,84
262,84
268,84
300,84
85,85
87,85
88,85
126,85
129,85
86,86
87,86
88,86
257,86
266,86
267,86
269,86
275,86
279,86
282,86
283,86
284,86
289,86
291,86
292,86
293,86
294,86
299,86
302,86
310,86
315,86
316,86
319,86
321,86
323,86
327,86
241,86
242,86
246,86
251,86
253,86
87,87
88,87
88,88
89,89
105,89
106,89
109,89
115,89
90,90
91,90
92,90
108,90
115,90
116,90
91,91
92,91
93,91
108,91
110,91
115,91
116,91
117,91
126,91
92,92
93,92
94,92
252,92
264,92
271,92
288,92
292,92
293,92
294,92
322,92
323,92
324,92
325,92
326,92
93,93
94,93
96,93
252,93
264,93
271,93
288,93
291,93
292,93
293,93
294,93
310,93
311,93
313,93
318,93
322,93
323,93
324,93
325,93
326,93
264,94
311,94
318,94
325,94
704,94
705,94
94,94
96,94
145,94
262,95
268,95
270,95
276,95
300,95
301,95
314,95
696,95
95,95
97,95
318,96
703,96
704,96
705,96
96,96
145,96
268,97
270,97
301,97
97,97
98,98
99,99
413,99
725,100
732,100
100,100
101,101
102,101
103,101
478,101
102,102
103,102
478,102
708,103
709,103
103,103
478,103
104,104
105,105
106,105
109,105
1029,105
106,106
107,107
108,107
110,107
328,108
367,108
370,108
108,108
110,108
111,108
1029,109
109,109
328,110
367,110
368,110
370,110
372,110
701,110
110,110
111,110
367,111
368,111
372,111
701,111
111,111
370,112
686,112
687,112
688,112
690,112
112,112
113,112
114,112
115,112
690,113
691,113
694,113
697,113
113,113
114,113
115,113
1009,113
1018,114
1019,114
1021,114
1022,114
1040,114
114,114
1009,114
1010,114
115,115
116,116
117,116
126,116
129,116
117,117
118,118
119,118
123,118
119,119
123,119
125,119
120,120
121,120
122,120
504,120
121,121
122,121
123,121
124,121
504,121
505,121
122,122
123,122
124,122
125,122
127,122
129,123
546,123
123,123
125,123
126,123
128,124
129,124
546,124
124,124
125,124
126,124
127,124
129,125
546,125
125,125
126,125
129,126
126,126
128,127
127,127
128,128
129,129
130,130
133,130
134,130
173,130
184,130
213,130
504,130
131,131
132,131
133,131
134,131
136,131
141,131
144,131
742,131
132,132
144,132
742,132
743,132
827,132
133,133
134,133
134,134
135,135
136,135
139,135
140,135
141,135
740,135
741,135
742,135
744,135
136,136
141,136
137,137
139,137
140,137
141,137
761,137
766,137
767,137
138,138
141,138
877,138
878,138
882,138
883,138
139,139
140,139
829,139
830,139
140,140
829,140
830,140
833,140
839,140
840,140
141,141
258,142
261,142
327,142
366,142
142,142
699,142
143,143
144,143
743,143
745,143
746,143
826,143
827,143
144,144
827,144
318,145
145,145
703,145
704,145
146,146
147,146
148,146
147,147
148,147
148,148
149,149
166,149
192,149
201,149
218,149
150,150
173,150
184,150
151,151
175,151
179,151
152,152
180,152
209,152
153,153
183,153
184,153
201,153
226,153
154,154
207,154
208,154
224,154
155,155
198,155
156,156
213,156
504,156
157,157
219,157
220,157
230,157
158,158
226,158
159,159
182,159
183,159
205,159
221,159
160,160
172,160
173,160
222,160
233,160
755,160
161,161
222,161
225,161
233,161
743,161
746,161
162,162
163,162
169,162
186,162
187,162
201,162
209,162
223,162
227,162
232,162
163,163
186,163
187,163
201,163
218,163
227,163
228,163
164,164
166,164
192,164
201,164
218,164
165,165
166,165
167,165
175,165
179,165
192,165
194,165
201,165
216,165
218,165
166,166
192,166
199,166
201,166
218,166
220,166
167,167
175,167
179,167
168,168
180,168
209,168
169,169
187,169
188,169
206,169
209,169
170,170
188,170
194,170
216,170
171,171
178,171
214,171
217,171
172,172
173,172
184,172
222,172
225,172
233,172
743,172
755,172
764,172
173,173
184,173
193,173
213,173
174,174
211,174
212,174
216,174
218,174
175,175
179,175
203,175
176,176
177,176
178,176
207,176
208,176
214,176
217,176
224,176
177,177
207,177
208,177
224,177
178,178
214,178
217,178
179,179
203,179
180,180
209,180
181,181
183,181
184,181
201,181
226,181
182,182
183,182
184,182
201,182
205,182
221,182
222,182
225,182
226,182
183,183
184,183
193,183
201,183
213,183
218,183
226,183
504,184
184,184
193,184
198,184
199,184
208,184
213,184
185,185
187,185
188,185
206,185
209,185
186,186
187,186
188,186
206,186
209,186
218,186
187,187
188,187
206,187
209,187
216,187
188,188
189,189
211,189
212,189
216,189
218,189
190,190
199,190
191,191
195,191
197,191
198,191
211,191
212,191
192,192
199,192
218,192
220,192
193,193
198,193
199,193
208,193
194,194
216,194
218,194
195,195
211,195
212,195
196,196
197,197
212,197
198,198
199,199
200,200
201,200
202,200
203,200
218,200
201,201
218,201
202,202
203,202
203,203
204,204
205,205
221,205
222,205
225,205
206,206
216,206
218,206
207,207
208,207
224,207
1026,207
208,208
209,209
210,210
215,210
217,210
218,210
211,211
212,211
212,212
213,213
504,213
505,213
214,214
217,214
215,215
216,216
218,216
217,217
218,218
219,219
220,219
230,219
220,220
221,221
222,221
225,221
233,221
743,221
222,222
225,222
233,222
743,222
746,222
223,223
232,223
224,224
1026,224
1027,224
225,225
226,226
227,227
228,227
229,227
231,227
232,227
228,228
229,228
231,228
232,228
229,229
230,230
231,231
232,231
232,232
233,233
286,234
307,234
234,234
236,234
270,235
272,235
275,235
279,235
280,235
286,235
298,235
299,235
318,235
320,235
235,235
236,235
243,235
286,236
236,236
261,237
287,237
309,237
366,237
237,237
699,237
702,237
270,238
275,238
279,238
280,238
281,238
318,238
320,238
238,238
239,238
270,239
275,239
279,239
280,239
281,239
318,239
320,239
239,239
259,240
278,240
240,240
257,241
266,241
275,241
279,241
289,241
291,241
292,241
293,241
294,241
299,241
307,241
310,241
321,241
327,241
241,241
242,241
244,241
245,241
246,241
253,241
242,242
244,242
245,242
272,242
298,242
243,243
244,244
272,244
245,245
298,245
246,246
310,246
255,247
258,247
260,247
263,247
247,247
248,247
255,248
258,248
260,248
263,248
248,248
282,249
249,249
257,250
263,250
289,250
317,250
250,250
251,251
267,251
282,251
284,251
302,251
252,252
310,252
313,252
253,253
254,254
255,254
258,254
260,254
263,254
285,254
255,255
258,255
260,255
261,255
263,255
289,255
327,255
256,256
290,256
317,256
321,256
257,257
258,258
261,258
327,258
259,259
278,259
309,259
260,260
289,260
261,261
262,262
268,262
270,262
276,262
301,262
314,262
263,263
264,264
311,264
326,264
265,265
276,265
300,265
696,265
266,266
307,266
267,267
282,267
284,267
302,267
268,268
270,268
275,268
279,268
280,268
301,268
314,268
318,268
320,268
269,269
284,269
704,270
270,270
275,270
279,270
280,270
318,270
320,270
271,271
272,272
273,273
274,273
303,273
312,273
315,273
316,273
319,273
323,273
274,274
312,274
315,274
275,275
276,276
277,277
285,277
289,277
278,278
309,278
279,279
280,280
281,281
282,282
283,283
292,283
284,284
285,285
286,286
287,287
288,288
291,288
289,289
290,290
291,291
292,292
293,293
294,294
295,295
298,295
296,296
297,296
299,296
297,297
299,297
298,298
299,299
696,300
300,300
301,301
314,301
302,302
303,303
312,303
315,303
304,304
305,304
315,304
316,304
319,304
323,304
329,304
305,305
315,305
316,305
319,305
323,305
306,306
322,306
307,307
308,308
323,308
309,309
310,310
311,311
326,311
312,312
315,312
316,312
319,312
323,312
313,313
314,314
315,315
316,315
319,315
322,315
323,315
329,315
316,316
322,316
317,317
704,318
318,318
319,319
329,319
320,320
321,321
322,322
323,323
324,324
325,324
325,325
326,326
327,327
328,328
329,329
330,330
335,330
337,330
331,331
336,331
337,331
332,332
337,332
338,332
339,332
340,332
333,333
350,333
334,334
350,334
335,335
337,335
338,335
339,335
340,335
336,336
337,336
338,336
339,336
340,336
337,337
338,337
339,337
340,337
341,337
342,337
338,338
340,338
341,338
342,338
339,339
340,339
341,339
342,339
340,340
341,340
342,340
343,340
344,340
345,340
370,340
341,341
342,341
343,341
344,341
345,341
370,341
342,342
343,342
344,342
345,342
346,342
370,342
343,343
346,343
347,343
349,343
367,343
344,344
346,344
347,344
349,344
367,344
345,345
346,345
347,345
349,345
367,345
346,346
347,346
348,346
349,346
350,346
367,346
368,346
372,346
347,347
348,347
349,347
348,348
349,348
350,348
349,349
350,349
350,350
699,351
351,351
366,351
382,352
408,352
409,352
352,352
353,352
363,352
382,353
388,353
395,353
407,353
474,353
353,353
363,353
364,353
365,353
373,353
374,353
382,354
383,354
384,354
385,354
386,354
387,354
392,354
354,354
389,355
404,355
355,355
375,355
376,355
377,355
378,355
379,355
380,355
381,355
383,356
384,356
385,356
386,356
387,356
392,356
398,356
356,356
394,357
395,357
398,357
399,357
405,357
406,357
407,357
474,357
357,357
479,358
480,358
714,358
726,358
358,358
474,359
359,359
715,360
360,360
479,361
480,361
714,361
726,361
361,361
403,362
714,362
715,362
734,362
362,362
388,363
389,363
390,363
391,363
395,363
398,363
399,363
401,363
405,363
406,363
407,363
474,363
363,363
364,363
365,363
373,363
374,363
364,364
365,365
699,366
700,366
366,366
367,367
368,367
372,367
368,368
369,369
371,369
372,369
370,370
371,371
372,371
372,372
373,373
374,374
389,375
404,375
409,375
375,375
376,375
377,375
378,375
379,375
380,375
381,375
376,376
377,377
378,378
379,379
380,380
381,381
382,382
383,383
384,383
385,383
386,383
387,383
392,383
395,383
384,384
385,385
386,386
387,387
388,388
389,388
390,388
391,388
395,388
398,388
399,388
401,388
402,388
405,388
406,388
407,388
474,388
714,388
389,389
390,390
391,391
392,392
395,392
398,392
399,392
405,392
406,392
407,392
474,392
393,393
474,393
479,393
480,393
714,393
726,393
394,394
395,394
398,394
399,394
405,394
406,394
407,394
474,394
395,395
398,395
399,395
405,395
406,395
407,395
474,395
479,395
483,395
716,395
717,395
396,396
406,396
479,396
483,396
716,396
717,396
397,397
716,397
717,397
398,398
399,399
400,400
473,400
474,400
401,401
402,401
714,401
715,401
734,401
402,402
403,403
404,404
409,404
405,405
406,406
479,406
480,406
483,406
714,406
716,406
717,406
726,406
407,407
408,408
409,409
410,410
411,410
412,410
413,410
476,410
477,410
478,410
486,410
709,410
724,410
731,410
411,411
476,411
477,411
478,411
482,411
486,411
731,411
412,412
413,412
478,412
708,412
709,412
724,412
725,412
734,412
413,413
414,414
431,414
433,414
434,414
510,414
564,414
415,415
432,415
433,415
434,415
510,415
564,415
416,416
433,416
434,416
462,416
463,416
510,416
564,416
417,417
433,417
434,417
462,417
463,417
510,417
564,417
418,418
419,418
545,418
419,419
420,420
421,420
422,420
470,420
421,421
422,422
423,423
425,423
426,423
427,423
466,423
516,423
516,424
424,424
466,424
467,424
519,425
425,425
426,425
427,425
437,425
466,425
467,425
519,426
426,426
437,426
438,426
439,426
441,426
458,426
957,426
967,426
427,427
428,428
429,428
430,428
431,428
432,428
429,429
430,430
431,431
432,432
510,433
520,433
564,433
433,433
434,433
434,434
510,435
520,435
435,435
534,436
535,436
536,436
542,436
436,436
437,437
438,437
439,437
440,437
441,437
442,437
458,437
459,437
460,437
438,438
439,439
440,439
460,439
461,439
440,440
441,441
442,441
442,442
516,443
443,443
444,443
458,443
470,443
506,443
444,444
458,444
459,444
460,444
537,445
445,445
446,445
447,445
449,445
446,446
537,447
447,447
449,447
450,447
545,448
448,448
464,448
465,448
449,449
450,449
451,449
450,450
451,450
451,451
452,452
453,452
453,453
454,454
455,454
455,455
564,456
456,456
457,456
457,457
458,458
459,458
460,458
461,458
459,459
460,460
461,460
461,461
462,462
463,462
463,463
545,464
464,464
465,464
968,464
465,465
968,465
466,466
467,466
467,467
544,468
468,468
543,469
544,469
469,469
470,470
471,471
472,471
478,471
481,471
484,471
485,471
491,471
492,471
707,471
708,471
709,471
726,471
733,471
472,472
473,473
474,473
474,474
475,475
710,475
724,475
725,475
734,475
476,476
482,476
483,476
477,477
478,477
708,477
709,477
478,478
708,478
709,478
479,479
480,479
714,479
715,479
726,479
734,479
480,480
481,481
484,481
485,481
491,481
492,481
707,481
709,481
733,481
734,481
482,482
483,482
483,483
484,484
709,484
733,484
485,485
491,485
492,485
734,485
486,486
731,486
487,487
491,487
492,487
734,487
488,488
491,488
492,488
734,488
489,489
492,489
707,489
490,490
492,490
707,490
491,491
492,491
707,491
734,491
492,492
707,492
726,492
493,493
707,493
726,493
521,494
526,494
578,494
494,494
505,494
513,495
514,495
540,495
495,495
521,496
522,496
496,496
522,497
523,497
497,497
523,498
582,498
498,498
770,498
779,498
802,498
499,499
500,499
914,499
935,499
938,499
963,499
819,499
820,499
500,500
509,501
515,501
521,501
522,501
526,501
531,501
532,501
534,501
536,501
537,501
538,501
539,501
542,501
547,501
578,501
607,501
609,501
613,501
501,501
502,501
505,501
507,501
508,501
937,501
607,502
609,502
613,502
502,502
937,502
1068,502
509,503
513,503
514,503
515,503
521,503
522,503
540,503
547,503
553,503
561,503
503,503
507,503
508,503
710,503
521,504
526,504
578,504
504,504
505,504
521,505
522,505
526,505
527,505
531,505
578,505
505,505
780,505
506,506
509,507
511,507
515,507
516,507
517,507
518,507
520,507
521,507
522,507
523,507
534,507
536,507
547,507
619,507
507,507
508,507
781,507
639,507
619,508
620,508
508,508
781,508
639,508
509,509
511,509
515,509
516,509
517,509
518,509
520,509
534,509
535,509
536,509
542,509
547,509
914,509
926,509
510,510
520,510
511,511
914,511
926,511
935,511
938,511
963,511
512,512
520,512
513,513
514,513
540,513
790,513
795,513
800,513
514,514
790,514
791,514
795,514
515,515
516,515
517,515
518,515
536,515
537,515
538,515
539,515
542,515
547,515
993,515
995,515
516,516
517,517
993,517
994,517
995,517
997,517
998,517
518,518
519,519
957,519
958,519
967,519
973,519
520,520
521,521
522,521
523,521
522,522
523,522
582,522
770,522
779,522
802,522
523,523
582,523
770,523
779,523
780,523
787,523
802,523
823,523
1137,523
524,524
533,524
985,524
987,524
989,524
1001,524
525,525
568,525
773,525
795,525
526,526
527,526
531,526
532,526
534,526
921,526
933,526
1068,526
1073,526
1074,526
1124,526
527,527
921,527
923,527
924,527
927,527
933,527
934,527
937,527
942,527
1068,527
1069,527
1073,527
1074,527
1075,527
1081,527
1086,527
1092,527
1124,527
1135,527
528,528
529,528
920,528
809,528
819,528
820,528
529,529
530,530
578,530
583,530
949,530
780,530
797,530
798,530
803,530
804,530
805,530
1119,530
531,531
532,531
534,531
535,531
536,531
542,531
554,531
908,531
912,531
918,531
647,531
652,531
663,531
668,531
672,531
673,531
677,531
1047,531
532,532
554,532
574,532
908,532
909,532
912,532
917,532
918,532
919,532
927,532
647,532
652,532
653,532
663,532
666,532
668,532
672,532
673,532
676,532
677,532
678,532
682,532
1041,532
1047,532
1049,532
1050,532
1052,532
1054,532
1058,532
1059,532
1121,532
1130,532
533,533
534,534
535,534
536,534
537,534
538,534
539,534
542,534
543,534
545,534
546,534
885,534
535,535
914,535
918,535
885,535
536,536
537,536
538,536
539,536
542,536
543,536
545,536
546,536
914,536
948,536
953,536
964,536
809,536
537,537
538,538
914,538
920,538
935,538
938,538
948,538
952,538
953,538
955,538
957,538
958,538
963,538
964,538
809,538
539,539
540,540
800,540
541,541
543,541
544,541
542,542
543,542
544,542
545,542
546,542
543,543
544,543
544,544
545,545
546,546
547,547
548,548
551,548
552,548
555,548
566,548
549,549
563,549
567,549
550,550
566,550
567,550
551,551
552,551
555,551
556,551
557,551
558,551
560,551
564,551
566,551
567,551
552,552
558,552
560,552
979,552
980,552
986,552
989,552
991,552
998,552
1000,552
553,553
561,553
562,553
566,553
710,553
554,554
574,554
909,554
910,554
555,555
556,555
557,555
558,555
559,555
564,555
566,555
567,555
579,555
621,555
903,555
556,556
559,556
579,556
580,556
621,556
624,556
895,556
903,556
927,556
987,556
782,556
783,556
1061,556
557,557
558,557
979,557
980,557
986,557
989,557
991,557
998,557
1000,557
558,558
979,558
980,558
983,558
986,558
989,558
990,558
991,558
992,558
998,558
1000,558
559,559
579,559
580,559
895,559
927,559
782,559
783,559
560,560
980,560
561,561
562,561
563,561
566,561
567,561
562,562
563,562
567,562
563,563
567,563
564,564
565,565
567,565
566,566
567,566
567,567
568,568
773,568
774,568
795,568
801,568
802,568
569,569
785,569
786,569
788,569
796,569
797,569
802,569
570,570
579,570
580,570
782,570
783,570
895,570
927,570
571,571
776,571
781,571
796,571
797,571
1127,571
572,572
783,572
573,573
796,573
799,573
574,574
575,575
581,575
776,575
796,575
797,575
799,575
576,576
582,576
784,576
802,576
577,577
786,577
802,577
1090,577
1091,577
1128,577
1137,577
578,578
780,578
797,578
949,578
579,579
580,579
587,579
782,579
783,579
895,579
927,579
928,579
937,579
1125,579
580,580
587,580
598,580
614,580
581,581
776,581
781,581
796,581
797,581
798,581
799,581
803,581
805,581
1119,581
1127,581
582,582
583,583
780,583
797,583
803,583
804,583
949,583
584,584
585,584
607,584
613,584
659,584
1068,584
1069,584
1092,584
585,585
607,585
613,585
659,585
677,585
586,586
597,586
587,587
598,587
614,587
588,588
595,588
597,588
589,589
591,589
601,589
590,590
595,590
616,590
591,591
601,591
602,591
633,591
592,592
611,592
615,592
593,593
604,593
612,593
615,593
594,594
600,594
601,594
782,594
595,595
596,596
597,596
603,596
604,596
605,596
607,596
1092,596
597,597
598,598
599,599
1105,599
600,600
601,600
602,600
633,600
782,600
783,600
601,601
602,601
633,601
640,601
602,602
640,602
603,603
604,603
605,603
607,603
612,603
615,603
1092,603
604,604
612,604
615,604
605,605
607,605
606,606
610,606
607,607
608,608
610,608
1101,608
1120,608
609,609
1068,609
1069,609
1092,609
610,610
611,611
615,611
612,612
613,613
614,614
615,615
616,616
617,617
1123,617
618,618
629,618
637,618
639,618
643,618
619,619
620,619
632,619
620,620
632,620
634,620
641,620
621,621
624,621
638,621
1061,621
622,622
625,622
635,622
641,622
623,623
639,623
642,623
624,624
638,624
625,625
635,625
636,625
626,626
634,626
635,626
636,626
627,627
639,627
628,628
631,628
642,628
629,629
637,629
643,629
630,630
631,630
635,630
796,630
799,630
636,630
631,631
632,632
634,632
641,632
633,633
634,634
635,635
636,635
1094,635
636,636
1094,636
637,637
638,638
639,639
640,640
641,641
642,642
643,643
644,644
652,644
653,644
662,644
663,644
666,644
668,644
672,644
676,644
1054,644
645,645
650,645
653,645
1060,645
646,646
664,646
1051,646
1056,646
647,647
1041,647
648,648
678,648
1042,648
649,649
672,649
673,649
682,649
1049,649
1050,649
1052,649
1055,649
1056,649
1058,649
1121,649
650,650
653,650
1048,650
651,651
670,651
1045,651
1047,651
1121,651
652,652
653,652
663,652
666,652
668,652
676,652
681,652
1043,652
1048,652
1054,652
653,653
1048,653
654,654
677,654
678,654
1041,654
1057,654
1059,654
655,655
657,655
665,655
682,655
1055,655
656,656
678,656
657,657
1055,657
1056,657
1058,657
658,658
671,658
672,658
673,658
679,658
682,658
1049,658
1050,658
1052,658
1058,658
1121,658
659,659
677,659
678,659
1041,659
1059,659
660,660
1050,660
1051,660
1052,660
1058,660
661,661
677,661
678,661
1041,661
1059,661
662,662
672,662
673,662
682,662
1049,662
1050,662
1052,662
1058,662
1121,662
663,663
664,664
1056,664
665,665
682,665
666,666
681,666
1053,666
667,667
1051,667
1056,667
668,668
1058,669
669,669
679,669
1121,670
670,670
671,671
679,671
1049,672
1050,672
1051,672
1052,672
1054,672
1058,672
1121,672
672,672
673,672
682,672
673,673
1046,674
1050,674
1058,674
674,674
675,674
1050,675
1051,675
1052,675
675,675
1043,676
1050,676
676,676
1041,677
1059,677
1061,677
677,677
678,677
678,678
679,679
1047,680
1057,680
680,680
1053,681
681,681
682,682
683,683
689,683
693,683
684,684
689,684
693,684
685,685
691,685
692,685
695,685
686,686
687,686
688,686
689,686
694,686
699,686
700,686
702,686
687,687
688,688
689,688
693,688
694,688
695,688
699,688
700,688
702,688
689,689
693,689
695,689
690,690
691,690
692,690
694,690
695,690
697,690
698,690
691,691
692,691
695,691
692,692
693,693
695,693
694,694
695,694
695,695
696,696
697,697
698,697
698,698
699,699
700,699
700,700
701,701
702,702
703,703
704,704
705,705
706,706
707,706
726,706
707,707
726,707
708,708
709,708
709,709
710,710
711,711
724,711
725,711
734,711
712,712
714,712
715,712
734,712
713,713
714,713
715,713
734,713
714,714
715,714
734,714
715,715
716,716
717,716
717,717
718,718
724,718
725,718
734,718
719,719
724,719
725,719
734,719
720,720
724,720
725,720
734,720
721,721
724,721
725,721
734,721
722,722
724,722
725,722
734,722
723,723
724,723
725,723
734,723
724,724
725,724
734,724
725,725
726,726
727,727
728,727
731,727
728,728
731,728
729,729
730,729
731,729
730,730
731,730
731,731
732,732
733,733
734,734
735,735
743,735
746,735
736,736
742,736
743,736
737,737
743,737
746,737
738,738
742,738
743,738
739,739
744,739
756,739
740,740
741,740
742,740
743,740
744,740
749,740
756,740
759,740
741,741
749,741
753,741
759,741
742,742
743,742
746,742
743,743
746,743
744,744
756,744
757,744
745,745
746,745
746,746
747,747
748,747
757,747
758,747
748,748
757,748
749,749
753,749
750,750
751,750
759,750
751,751
763,752
752,752
757,752
762,752
753,753
765,754
754,754
757,754
764,755
755,755
756,756
757,756
757,757
758,758
759,759
766,760
767,760
760,760
761,760
766,761
767,761
768,761
761,761
763,762
762,762
763,763
764,764
765,765
766,766
768,766
769,766
772,766
767,767
768,768
769,768
772,768
769,769
770,770
823,770
771,771
772,771
772,772
773,773
774,773
795,773
801,773
802,773
1137,773
774,774
775,775
776,775
781,775
796,775
797,775
1127,775
776,776
781,776
796,776
797,776
798,776
799,776
803,776
805,776
1119,776
1127,776
777,777
793,777
794,777
795,777
800,777
825,777
778,778
779,778
780,778
787,778
779,779
780,779
787,779
797,779
949,779
780,780
797,780
798,780
803,780
805,780
1119,780
949,780
781,781
782,782
783,782
783,783
784,784
802,784
1137,784
785,785
786,785
788,785
789,785
796,785
797,785
798,785
799,785
802,785
803,785
805,785
1119,785
1128,785
1132,785
1137,785
786,786
1128,786
787,787
949,787
788,788
789,788
796,788
799,788
1094,788
1132,788
789,789
1094,789
790,790
791,790
795,790
791,791
792,792
799,792
1110,792
1114,792
793,793
794,793
795,793
800,793
825,793
794,794
795,794
800,794
795,795
796,796
799,796
797,797
798,797
803,797
804,797
805,797
1114,797
1119,797
1138,797
798,798
1114,798
1115,798
1116,798
799,799
800,800
801,801
802,802
1137,802
803,803
804,803
804,804
805,805
1138,805
806,806
821,806
888,806
897,806
921,806
807,807
887,807
896,807
897,807
808,808
897,808
913,808
917,808
944,808
809,809
920,809
810,810
811,810
1130,810
918,810
919,810
811,811
812,812
909,812
910,812
813,813
885,813
1122,813
1136,813
914,813
918,813
940,813
954,813
814,814
815,814
1130,814
909,814
910,814
918,814
919,814
815,815
816,816
817,816
818,816
907,816
927,816
928,816
937,816
817,817
818,817
907,817
923,817
818,818
819,819
820,819
820,820
821,821
888,821
897,821
913,821
917,821
921,821
923,821
924,821
927,821
933,821
937,821
944,821
822,822
880,822
885,822
914,822
918,822
935,822
947,822
823,823
824,824
825,824
825,825
826,826
827,827
828,828
837,828
838,828
859,828
860,828
874,828
878,828
829,829
833,829
839,829
843,829
830,830
833,830
840,830
843,830
831,831
841,831
869,831
870,831
832,832
842,832
869,832
870,832
833,833
843,833
834,834
844,834
874,834
878,834
835,835
845,835
862,835
863,835
836,836
846,836
869,836
870,836
837,837
838,838
859,838
860,838
861,838
839,839
840,840
841,841
842,842
843,843
844,844
845,845
846,846
847,847
848,847
873,847
848,848
873,848
882,848
849,849
854,849
863,849
864,849
865,849
869,849
850,850
855,850
873,850
882,850
851,851
856,851
858,851
873,851
852,852
857,852
869,852
870,852
853,853
876,853
854,854
855,855
856,856
857,857
858,858
873,858
882,858
859,859
860,860
861,860
861,861
862,862
863,862
869,862
863,863
869,863
870,863
864,864
865,864
869,864
870,864
865,865
866,866
869,866
870,866
877,866
878,866
883,866
867,867
878,867
868,868
869,868
870,868
871,868
877,868
878,868
883,868
869,869
870,869
871,869
877,869
870,870
871,870
877,870
878,870
883,870
871,871
872,872
882,872
873,873
882,873
874,874
878,874
875,875
876,875
882,875
876,876
877,877
878,877
883,877
878,878
879,879
882,879
880,880
881,881
882,881
882,882
883,883
884,884
1123,884
937,884
885,885
1130,885
914,885
918,885
919,885
935,885
938,885
963,885
886,886
1125,886
895,886
927,886
928,886
937,886
887,887
896,887
897,887
913,887
917,887
944,887
888,888
924,888
925,888
889,889
917,889
918,889
930,889
890,890
891,890
908,890
912,890
917,890
918,890
927,890
930,890
891,891
892,892
893,892
899,892
900,892
908,892
927,892
928,892
937,892
893,893
1126,894
1134,894
894,894
921,894
923,894
924,894
927,894
933,894
936,894
937,894
1125,895
895,895
896,896
897,896
913,896
917,896
944,896
897,897
913,897
917,897
918,897
930,897
944,897
898,898
914,898
926,898
935,898
938,898
963,898
899,899
900,899
908,899
912,899
917,899
927,899
900,900
1129,901
1135,901
901,901
913,901
902,902
906,902
922,902
939,902
903,903
987,903
999,903
904,904
905,904
939,904
944,904
905,905
1133,906
906,906
922,906
930,906
939,906
907,907
923,907
908,908
912,908
917,908
918,908
927,908
928,908
930,908
937,908
909,909
910,909
910,910
911,911
912,911
912,912
913,913
914,914
935,914
938,914
947,914
963,914
972,914
915,915
926,915
916,916
991,916
992,916
1130,917
917,917
918,917
919,917
930,917
931,917
1130,918
918,918
919,918
940,918
919,919
940,919
954,919
920,920
921,921
923,921
924,921
925,921
927,921
928,921
933,921
934,921
937,921
942,921
1133,922
922,922
930,922
931,922
923,923
924,924
925,924
925,925
926,926
927,927
928,927
929,927
937,927
928,928
929,928
937,928
929,929
930,930
931,930
931,931
932,932
949,932
933,933
934,933
942,933
934,934
935,935
947,935
1134,936
936,936
937,936
937,937
938,938
939,939
940,940
954,940
959,940
941,941
954,941
959,941
942,942
943,943
944,943
944,944
945,945
961,945
962,945
963,945
968,945
946,946
965,946
968,946
969,946
947,947
948,948
952,948
955,948
957,948
958,948
960,948
964,948
967,948
973,948
949,949
950,950
951,950
955,950
956,950
965,950
969,950
975,950
951,951
965,951
968,951
969,951
970,951
975,951
952,952
960,952
973,952
953,953
955,953
954,954
959,954
955,955
956,956
957,957
958,957
967,957
973,957
958,958
959,959
960,960
973,960
961,961
962,961
963,961
966,961
968,961
972,961
962,962
966,962
971,962
963,963
972,963
964,964
965,965
968,965
969,965
970,965
966,966
971,966
972,966
967,967
968,968
969,969
970,969
970,970
971,971
972,971
972,972
973,973
974,974
983,974
986,974
975,975
976,976
977,976
989,976
990,976
1001,976
977,977
978,978
989,978
990,978
979,979
983,979
986,979
980,980
981,981
982,981
984,981
998,981
982,982
983,983
986,983
984,984
985,985
987,985
989,985
990,985
999,985
986,986
987,987
999,987
988,988
993,988
994,988
995,988
997,988
998,988
989,989
990,989
990,990
991,991
992,991
992,992
993,993
994,993
994,994
995,995
997,995
998,995
996,996
997,996
998,996
997,997
998,997
998,998
999,999
1000,1000
1001,1001
1002,1002
1027,1002
1028,1002
1035,1002
1003,1003
1035,1003
1036,1003
1004,1004
1032,1004
1034,1004
1036,1004
1005,1005
1039,1005
1006,1006
1007,1006
1013,1006
1019,1006
1021,1006
1023,1006
1029,1006
1030,1006
1031,1006
1033,1006
1035,1006
1036,1006
1037,1006
1038,1006
1039,1006
1007,1007
1008,1008
1023,1008
1024,1008
1025,1008
1027,1008
1009,1009
1010,1009
1018,1009
1019,1009
1021,1009
1022,1009
1033,1009
1040,1009
1010,1010
1011,1011
1040,1011
1012,1012
1040,1012
1013,1013
1023,1013
1024,1013
1025,1013
1027,1013
1029,1013
1030,1013
1031,1013
1037,1013
1038,1013
1039,1013
1014,1014
1039,1014
1015,1015
1029,1015
1016,1016
1024,1016
1034,1016
1017,1017
1029,1017
1018,1018
1019,1019
1033,1019
1020,1020
1021,1020
1021,1021
1022,1022
1023,1023
1024,1023
1025,1023
1027,1023
1028,1023
1034,1023
1035,1023
1024,1024
1034,1024
1025,1025
1028,1025
1026,1026
1027,1026
1028,1026
1035,1026
1027,1027
1028,1027
1035,1027
1036,1027
1028,1028
1029,1029
1030,1030
1031,1030
1031,1031
1032,1032
1034,1032
1036,1032
1033,1033
1034,1034
1035,1035
1036,1035
1036,1036
1037,1037
1038,1038
1039,1039
1040,1040
1041,1041
1042,1042
1043,1043
1050,1043
1051,1043
1052,1043
1044,1044
1050,1044
1051,1044
1052,1044
1053,1044
1045,1045
1047,1045
1046,1046
1058,1046
1047,1047
1048,1048
1049,1049
1054,1049
1050,1050
1051,1050
1052,1050
1056,1050
1051,1051
1056,1051
1052,1052
1053,1053
1054,1054
1055,1055
1056,1055
1058,1055
1056,1056
1057,1057
1058,1058
1059,1059
1061,1059
1060,1060
1061,1061
1062,1062
1072,1062
1075,1062
1085,1062
1063,1063
1074,1063
1075,1063
1081,1063
1086,1063
1064,1064
1075,1064
1082,1064
1087,1064
1065,1065
1077,1065
1078,1065
1080,1065
1088,1065
1095,1065
1066,1066
1068,1066
1069,1066
1092,1066
1067,1067
1071,1067
1088,1067
1068,1068
1069,1068
1086,1068
1092,1068
1069,1069
1086,1069
1070,1070
1077,1070
1078,1070
1080,1070
1088,1070
1095,1070
1113,1070
1071,1071
1088,1071
1072,1072
1075,1072
1082,1072
1073,1073
1074,1073
1075,1073
1081,1073
1086,1073
1074,1074
1075,1074
1081,1074
1082,1074
1086,1074
1075,1075
1082,1075
1076,1076
1077,1076
1078,1076
1080,1076
1088,1076
1095,1076
1077,1077
1078,1077
1080,1077
1084,1077
1085,1077
1088,1077
1095,1077
1096,1077
1100,1077
1105,1077
1113,1077
1078,1078
1084,1078
1085,1078
1079,1079
1117,1079
1120,1079
1080,1080
1081,1081
1082,1082
1083,1083
1087,1083
1084,1084
1085,1085
1086,1086
1087,1087
1088,1088
1089,1089
1106,1089
1109,1089
1112,1089
1090,1090
1091,1090
1093,1090
1108,1090
1091,1091
1093,1091
1098,1091
1108,1091
1092,1092
1093,1093
1098,1093
1099,1093
1094,1094
1095,1095
1096,1095
1100,1095
1101,1095
1103,1095
1105,1095
1107,1095
1112,1095
1113,1095
1096,1096
1103,1096
1107,1096
1112,1096
1097,1097
1100,1097
1101,1097
1098,1098
1099,1098
1099,1099
1100,1100
1101,1100
1120,1100
1101,1101
1120,1101
1102,1102
1112,1102
1103,1103
1104,1104
1118,1104
1119,1104
1105,1105
1106,1106
1109,1106
1107,1107
1108,1108
1109,1109
1110,1110
1114,1110
1115,1110
1116,1110
1111,1111
1119,1111
1112,1112
1113,1113
1114,1114
1115,1114
1116,1114
1115,1115
1116,1116
1117,1117
1120,1117
1118,1118
1119,1119
1120,1120
1121,1121
1122,1122
1136,1122
1123,1123
1124,1124
1135,1124
1125,1125
1126,1126
1127,1127
1128,1128
1129,1129
1135,1129
1130,1130
1131,1131
1136,1131
1132,1132
1133,1133
1134,1134
1135,1135
1136,1136
1137,1137
1138,1138
